Path({0,1,19,21,4,15,35,24,32,12,39,0,8,28,}, 550),
Path({0,1,19,21,12,4,15,35,24,32,39,0,8,28,}, 550),
Path({0,1,19,21,12,4,15,35,24,32,39,0,28,8,}, 550),
Path({0,1,19,21,12,4,24,15,35,32,39,0,8,28,}, 550),
Path({0,1,19,21,12,4,24,35,15,32,39,0,8,28,}, 550),
Path({0,1,19,21,12,4,35,15,24,32,39,0,8,28,}, 550),
Path({0,1,19,21,12,15,35,24,4,32,39,0,8,28,}, 550),
Path({0,1,19,21,12,24,15,35,4,32,39,0,8,28,}, 550),
Path({0,1,19,21,12,24,35,15,4,32,39,0,8,28,}, 550),
Path({0,1,19,21,12,24,35,15,4,32,39,0,28,8,}, 550),
Path({0,1,19,21,12,32,4,15,35,24,39,0,8,28,}, 550),
Path({0,1,19,21,12,32,4,15,35,24,39,0,28,8,}, 550),
Path({0,1,19,21,12,32,4,24,15,35,39,0,8,28,}, 550),
Path({0,1,19,21,12,32,4,24,35,15,39,0,8,28,}, 550),
Path({0,1,19,21,12,32,4,35,15,24,39,0,8,28,}, 550),
Path({0,1,19,21,12,32,15,35,24,4,39,0,8,28,}, 550),
Path({0,1,19,21,12,32,24,15,35,4,39,0,8,28,}, 550),
Path({0,1,19,21,12,32,24,35,15,4,39,0,8,28,}, 550),
Path({0,1,19,21,12,32,24,35,15,4,39,0,28,8,}, 550),
Path({0,1,19,21,12,32,35,15,24,4,39,0,8,28,}, 550),
Path({0,1,19,21,12,35,15,24,4,32,39,0,8,28,}, 550),
Path({0,1,19,21,24,35,15,4,32,12,39,0,8,28,}, 550),
Path({0,1,19,21,32,4,15,35,24,12,39,0,8,28,}, 550),
Path({0,1,19,21,32,24,35,15,4,12,39,0,8,28,}, 550),
Path({0,1,21,4,15,35,24,32,12,19,0,39,28,8,}, 550),
Path({0,1,21,12,4,15,35,24,32,19,0,39,28,8,}, 550),
Path({0,1,21,12,24,35,15,4,32,19,0,39,28,8,}, 550),
Path({0,1,21,12,32,4,15,35,24,19,0,39,28,8,}, 550),
Path({0,1,21,12,32,4,24,15,35,28,8,0,19,39,}, 550),
Path({0,1,21,12,32,4,24,15,35,28,8,0,39,19,}, 550),
Path({0,1,21,12,32,24,35,15,4,19,0,39,28,8,}, 550),
Path({0,1,21,19,4,15,35,24,32,12,39,0,8,28,}, 550),
Path({0,1,21,19,4,35,15,24,32,12,39,0,8,28,}, 550),
Path({0,1,21,19,12,4,15,35,24,32,39,0,8,28,}, 550),
Path({0,1,21,19,12,4,15,35,24,32,39,0,28,8,}, 550),
Path({0,1,21,19,12,4,24,15,35,32,39,0,8,28,}, 550),
Path({0,1,21,19,12,4,24,35,15,32,39,0,8,28,}, 550),
Path({0,1,21,19,12,4,35,15,24,32,39,0,8,28,}, 550),
Path({0,1,21,19,12,4,35,15,24,32,39,0,28,8,}, 550),
Path({0,1,21,19,12,15,35,24,4,32,39,0,8,28,}, 550),
Path({0,1,21,19,12,24,15,35,4,32,39,0,8,28,}, 550),
Path({0,1,21,19,12,24,15,35,4,32,39,0,28,8,}, 550),
Path({0,1,21,19,12,24,35,15,4,32,39,0,8,28,}, 550),
Path({0,1,21,19,12,24,35,15,4,32,39,0,28,8,}, 550),
Path({0,1,21,19,12,32,4,15,35,24,39,0,8,28,}, 550),
Path({0,1,21,19,12,32,4,15,35,24,39,0,28,8,}, 550),
Path({0,1,21,19,12,32,4,24,15,35,39,0,8,28,}, 550),
Path({0,1,21,19,12,32,4,24,35,15,39,0,8,28,}, 550),
Path({0,1,21,19,12,32,4,35,15,24,39,0,8,28,}, 550),
Path({0,1,21,19,12,32,4,35,15,24,39,0,28,8,}, 550),
Path({0,1,21,19,12,32,15,35,24,4,39,0,8,28,}, 550),
Path({0,1,21,19,12,32,24,15,35,4,39,0,8,28,}, 550),
Path({0,1,21,19,12,32,24,15,35,4,39,0,28,8,}, 550),
Path({0,1,21,19,12,32,24,35,15,4,39,0,8,28,}, 550),
Path({0,1,21,19,12,32,24,35,15,4,39,0,28,8,}, 550),
Path({0,1,21,19,12,32,35,15,24,4,39,0,8,28,}, 550),
Path({0,1,21,19,12,35,15,24,4,32,39,0,8,28,}, 550),
Path({0,1,21,19,24,15,35,4,32,12,39,0,8,28,}, 550),
Path({0,1,21,19,24,35,15,4,32,12,39,0,8,28,}, 550),
Path({0,1,21,19,32,4,15,35,24,12,39,0,8,28,}, 550),
Path({0,1,21,19,32,4,35,15,24,12,39,0,8,28,}, 550),
Path({0,1,21,19,32,24,15,35,4,12,39,0,8,28,}, 550),
Path({0,1,21,19,32,24,35,15,4,12,39,0,8,28,}, 550),
Path({0,1,21,24,35,15,4,32,12,19,0,39,28,8,}, 550),
Path({0,1,21,32,4,15,35,24,12,19,0,39,28,8,}, 550),
Path({0,1,21,32,24,35,15,4,12,19,0,39,28,8,}, 550),
Path({0,8,28,35,15,24,4,32,12,21,1,0,19,39,}, 550),
Path({0,8,28,35,15,24,4,32,12,21,1,0,39,19,}, 550),
Path({0,8,28,35,15,24,4,32,12,39,0,1,19,21,}, 550),
Path({0,8,28,35,15,24,4,32,12,39,0,1,21,19,}, 550),
Path({0,8,28,35,15,24,4,32,12,39,0,19,1,21,}, 550),
Path({0,8,28,35,15,24,4,32,12,39,0,19,21,1,}, 550),
Path({0,8,28,35,15,24,4,32,12,39,0,21,1,19,}, 550),
Path({0,8,28,35,15,24,4,32,12,39,0,21,19,1,}, 550),
Path({0,19,1,21,4,15,35,24,32,12,39,0,8,28,}, 550),
Path({0,19,1,21,4,15,35,24,32,12,39,0,28,8,}, 550),
Path({0,19,1,21,4,24,15,35,32,12,39,0,8,28,}, 550),
Path({0,19,1,21,4,24,35,15,32,12,39,0,8,28,}, 550),
Path({0,19,1,21,4,35,15,24,32,12,39,0,8,28,}, 550),
Path({0,19,1,21,12,4,15,35,24,32,39,0,8,28,}, 550),
Path({0,19,1,21,12,4,15,35,24,32,39,0,28,8,}, 550),
Path({0,19,1,21,12,4,24,15,35,32,39,0,8,28,}, 550),
Path({0,19,1,21,12,4,24,15,35,32,39,0,28,8,}, 550),
Path({0,19,1,21,12,4,24,35,15,32,39,0,8,28,}, 550),
Path({0,19,1,21,12,4,24,35,15,32,39,0,28,8,}, 550),
Path({0,19,1,21,12,4,35,15,24,32,39,0,8,28,}, 550),
Path({0,19,1,21,12,4,35,15,24,32,39,0,28,8,}, 550),
Path({0,19,1,21,12,15,35,24,4,32,39,0,8,28,}, 550),
Path({0,19,1,21,12,15,35,24,4,32,39,0,28,8,}, 550),
Path({0,19,1,21,12,24,4,15,35,32,39,0,8,28,}, 550),
Path({0,19,1,21,12,24,15,35,4,32,39,0,8,28,}, 550),
Path({0,19,1,21,12,24,15,35,4,32,39,0,28,8,}, 550),
Path({0,19,1,21,12,24,35,15,4,32,39,0,8,28,}, 550),
Path({0,19,1,21,12,24,35,15,4,32,39,0,28,8,}, 550),
Path({0,19,1,21,12,32,4,15,35,24,39,0,8,28,}, 550),
Path({0,19,1,21,12,32,4,15,35,24,39,0,28,8,}, 550),
Path({0,19,1,21,12,32,4,24,15,35,39,0,8,28,}, 550),
Path({0,19,1,21,12,32,4,24,15,35,39,0,28,8,}, 550),
Path({0,19,1,21,12,32,4,24,35,15,39,0,8,28,}, 550),
Path({0,19,1,21,12,32,4,24,35,15,39,0,28,8,}, 550),
Path({0,19,1,21,12,32,4,35,15,24,39,0,8,28,}, 550),
Path({0,19,1,21,12,32,4,35,15,24,39,0,28,8,}, 550),
Path({0,19,1,21,12,32,15,35,24,4,39,0,8,28,}, 550),
Path({0,19,1,21,12,32,15,35,24,4,39,0,28,8,}, 550),
Path({0,19,1,21,12,32,24,4,15,35,39,0,8,28,}, 550),
Path({0,19,1,21,12,32,24,15,35,4,39,0,8,28,}, 550),
Path({0,19,1,21,12,32,24,15,35,4,39,0,28,8,}, 550),
Path({0,19,1,21,12,32,24,35,15,4,39,0,8,28,}, 550),
Path({0,19,1,21,12,32,24,35,15,4,39,0,28,8,}, 550),
Path({0,19,1,21,12,32,35,15,4,24,39,0,8,28,}, 550),
Path({0,19,1,21,12,32,35,15,24,4,39,0,8,28,}, 550),
Path({0,19,1,21,12,32,35,15,24,4,39,0,28,8,}, 550),
Path({0,19,1,21,12,35,15,4,24,32,39,0,8,28,}, 550),
Path({0,19,1,21,12,35,15,24,4,32,39,0,8,28,}, 550),
Path({0,19,1,21,12,35,15,24,4,32,39,0,28,8,}, 550),
Path({0,19,1,21,15,35,24,4,32,12,39,0,8,28,}, 550),
Path({0,19,1,21,24,15,35,4,32,12,39,0,8,28,}, 550),
Path({0,19,1,21,24,35,15,4,32,12,39,0,8,28,}, 550),
Path({0,19,1,21,24,35,15,4,32,12,39,0,28,8,}, 550),
Path({0,19,1,21,32,4,15,35,24,12,39,0,8,28,}, 550),
Path({0,19,1,21,32,4,15,35,24,12,39,0,28,8,}, 550),
Path({0,19,1,21,32,4,24,15,35,12,39,0,8,28,}, 550),
Path({0,19,1,21,32,4,24,35,15,12,39,0,8,28,}, 550),
Path({0,19,1,21,32,4,35,15,24,12,39,0,8,28,}, 550),
Path({0,19,1,21,32,15,35,24,4,12,39,0,8,28,}, 550),
Path({0,19,1,21,32,24,15,35,4,12,39,0,8,28,}, 550),
Path({0,19,1,21,32,24,35,15,4,12,39,0,8,28,}, 550),
Path({0,19,1,21,32,24,35,15,4,12,39,0,28,8,}, 550),
Path({0,19,1,21,32,35,15,24,4,12,39,0,8,28,}, 550),
Path({0,19,1,21,35,15,24,4,32,12,39,0,8,28,}, 550),
Path({0,19,4,15,35,24,32,12,21,1,0,39,28,8,}, 550),
Path({0,19,12,4,15,35,24,32,21,1,0,39,28,8,}, 550),
Path({0,19,12,24,35,15,4,32,21,1,0,39,28,8,}, 550),
Path({0,19,12,32,4,15,35,24,21,1,0,39,28,8,}, 550),
Path({0,19,12,32,24,35,15,4,21,1,0,39,28,8,}, 550),
Path({0,19,21,1,4,15,35,24,32,12,39,0,8,28,}, 550),
Path({0,19,21,1,4,15,35,24,32,12,39,0,28,8,}, 550),
Path({0,19,21,1,4,24,15,35,32,12,39,0,8,28,}, 550),
Path({0,19,21,1,4,24,35,15,32,12,39,0,8,28,}, 550),
Path({0,19,21,1,4,35,15,24,32,12,39,0,8,28,}, 550),
Path({0,19,21,1,12,4,15,35,24,32,39,0,8,28,}, 550),
Path({0,19,21,1,12,4,15,35,24,32,39,0,28,8,}, 550),
Path({0,19,21,1,12,4,24,15,35,32,39,0,8,28,}, 550),
Path({0,19,21,1,12,4,24,15,35,32,39,0,28,8,}, 550),
Path({0,19,21,1,12,4,24,35,15,32,39,0,8,28,}, 550),
Path({0,19,21,1,12,4,24,35,15,32,39,0,28,8,}, 550),
Path({0,19,21,1,12,4,35,15,24,32,39,0,8,28,}, 550),
Path({0,19,21,1,12,4,35,15,24,32,39,0,28,8,}, 550),
Path({0,19,21,1,12,15,35,24,4,32,39,0,8,28,}, 550),
Path({0,19,21,1,12,15,35,24,4,32,39,0,28,8,}, 550),
Path({0,19,21,1,12,24,4,15,35,32,39,0,8,28,}, 550),
Path({0,19,21,1,12,24,15,35,4,32,39,0,8,28,}, 550),
Path({0,19,21,1,12,24,15,35,4,32,39,0,28,8,}, 550),
Path({0,19,21,1,12,24,35,15,4,32,39,0,8,28,}, 550),
Path({0,19,21,1,12,24,35,15,4,32,39,0,28,8,}, 550),
Path({0,19,21,1,12,32,4,15,35,24,39,0,8,28,}, 550),
Path({0,19,21,1,12,32,4,15,35,24,39,0,28,8,}, 550),
Path({0,19,21,1,12,32,4,24,15,35,39,0,8,28,}, 550),
Path({0,19,21,1,12,32,4,24,15,35,39,0,28,8,}, 550),
Path({0,19,21,1,12,32,4,24,35,15,39,0,8,28,}, 550),
Path({0,19,21,1,12,32,4,24,35,15,39,0,28,8,}, 550),
Path({0,19,21,1,12,32,4,35,15,24,39,0,8,28,}, 550),
Path({0,19,21,1,12,32,4,35,15,24,39,0,28,8,}, 550),
Path({0,19,21,1,12,32,15,35,24,4,39,0,8,28,}, 550),
Path({0,19,21,1,12,32,15,35,24,4,39,0,28,8,}, 550),
Path({0,19,21,1,12,32,24,4,15,35,39,0,8,28,}, 550),
Path({0,19,21,1,12,32,24,15,35,4,39,0,8,28,}, 550),
Path({0,19,21,1,12,32,24,15,35,4,39,0,28,8,}, 550),
Path({0,19,21,1,12,32,24,35,15,4,39,0,8,28,}, 550),
Path({0,19,21,1,12,32,24,35,15,4,39,0,28,8,}, 550),
Path({0,19,21,1,12,32,35,15,4,24,39,0,8,28,}, 550),
Path({0,19,21,1,12,32,35,15,24,4,39,0,8,28,}, 550),
Path({0,19,21,1,12,32,35,15,24,4,39,0,28,8,}, 550),
Path({0,19,21,1,12,35,15,4,24,32,39,0,8,28,}, 550),
Path({0,19,21,1,12,35,15,24,4,32,39,0,8,28,}, 550),
Path({0,19,21,1,12,35,15,24,4,32,39,0,28,8,}, 550),
Path({0,19,21,1,15,35,24,4,32,12,39,0,8,28,}, 550),
Path({0,19,21,1,24,15,35,4,32,12,39,0,8,28,}, 550),
Path({0,19,21,1,24,35,15,4,32,12,39,0,8,28,}, 550),
Path({0,19,21,1,24,35,15,4,32,12,39,0,28,8,}, 550),
Path({0,19,21,1,32,4,15,35,24,12,39,0,8,28,}, 550),
Path({0,19,21,1,32,4,15,35,24,12,39,0,28,8,}, 550),
Path({0,19,21,1,32,4,24,15,35,12,39,0,8,28,}, 550),
Path({0,19,21,1,32,4,24,35,15,12,39,0,8,28,}, 550),
Path({0,19,21,1,32,4,35,15,24,12,39,0,8,28,}, 550),
Path({0,19,21,1,32,15,35,24,4,12,39,0,8,28,}, 550),
Path({0,19,21,1,32,24,15,35,4,12,39,0,8,28,}, 550),
Path({0,19,21,1,32,24,35,15,4,12,39,0,8,28,}, 550),
Path({0,19,21,1,32,24,35,15,4,12,39,0,28,8,}, 550),
Path({0,19,21,1,32,35,15,24,4,12,39,0,8,28,}, 550),
Path({0,19,21,1,35,15,24,4,32,12,39,0,8,28,}, 550),
Path({0,19,24,35,15,4,32,12,21,1,0,39,28,8,}, 550),
Path({0,19,32,4,15,35,24,12,21,1,0,39,28,8,}, 550),
Path({0,19,32,24,35,15,4,12,21,1,0,39,28,8,}, 550),
Path({0,21,1,19,12,4,15,35,24,32,39,0,8,28,}, 550),
Path({0,21,1,19,12,4,35,15,24,32,39,0,8,28,}, 550),
Path({0,21,1,19,12,24,15,35,4,32,39,0,8,28,}, 550),
Path({0,21,1,19,12,24,35,15,4,32,39,0,8,28,}, 550),
Path({0,21,1,19,12,32,4,15,35,24,39,0,8,28,}, 550),
Path({0,21,1,19,12,32,4,35,15,24,39,0,8,28,}, 550),
Path({0,21,1,19,12,32,24,15,35,4,39,0,8,28,}, 550),
Path({0,21,1,19,12,32,24,35,15,4,39,0,8,28,}, 550),
Path({0,21,19,1,12,4,15,35,24,32,39,0,8,28,}, 550),
Path({0,21,19,1,12,4,35,15,24,32,39,0,8,28,}, 550),
Path({0,21,19,1,12,24,15,35,4,32,39,0,8,28,}, 550),
Path({0,21,19,1,12,24,35,15,4,32,39,0,8,28,}, 550),
Path({0,21,19,1,12,32,4,15,35,24,39,0,8,28,}, 550),
Path({0,21,19,1,12,32,4,35,15,24,39,0,8,28,}, 550),
Path({0,21,19,1,12,32,24,15,35,4,39,0,8,28,}, 550),
Path({0,21,19,1,12,32,24,35,15,4,39,0,8,28,}, 550),
Path({0,39,4,15,35,24,32,12,1,19,21,0,8,28,}, 550),
Path({0,39,4,15,35,24,32,12,1,21,19,0,8,28,}, 550),
Path({0,39,4,15,35,24,32,12,1,21,19,0,28,8,}, 550),
Path({0,39,4,15,35,24,32,12,19,1,21,0,8,28,}, 550),
Path({0,39,4,15,35,24,32,12,19,21,1,0,8,28,}, 550),
Path({0,39,4,15,35,24,32,12,19,21,1,0,28,8,}, 550),
Path({0,39,4,15,35,24,32,12,21,1,19,0,8,28,}, 550),
Path({0,39,4,15,35,24,32,12,21,1,19,0,28,8,}, 550),
Path({0,39,4,15,35,24,32,12,21,19,1,0,8,28,}, 550),
Path({0,39,4,15,35,24,32,12,21,19,1,0,28,8,}, 550),
Path({0,39,4,24,15,35,32,12,1,21,19,0,8,28,}, 550),
Path({0,39,4,24,15,35,32,12,1,21,19,0,28,8,}, 550),
Path({0,39,4,24,15,35,32,12,19,21,1,0,8,28,}, 550),
Path({0,39,4,24,15,35,32,12,21,1,19,0,8,28,}, 550),
Path({0,39,4,24,15,35,32,12,21,1,19,0,28,8,}, 550),
Path({0,39,4,24,15,35,32,12,21,19,1,0,8,28,}, 550),
Path({0,39,4,24,35,15,32,12,1,21,19,0,8,28,}, 550),
Path({0,39,4,24,35,15,32,12,1,21,19,0,28,8,}, 550),
Path({0,39,4,24,35,15,32,12,19,21,1,0,8,28,}, 550),
Path({0,39,4,24,35,15,32,12,21,1,19,0,8,28,}, 550),
Path({0,39,4,24,35,15,32,12,21,1,19,0,28,8,}, 550),
Path({0,39,4,24,35,15,32,12,21,19,1,0,8,28,}, 550),
Path({0,39,4,35,15,24,32,12,1,19,21,0,8,28,}, 550),
Path({0,39,4,35,15,24,32,12,1,21,19,0,8,28,}, 550),
Path({0,39,4,35,15,24,32,12,1,21,19,0,28,8,}, 550),
Path({0,39,4,35,15,24,32,12,19,1,21,0,8,28,}, 550),
Path({0,39,4,35,15,24,32,12,19,21,1,0,8,28,}, 550),
Path({0,39,4,35,15,24,32,12,19,21,1,0,28,8,}, 550),
Path({0,39,4,35,15,24,32,12,21,1,19,0,8,28,}, 550),
Path({0,39,4,35,15,24,32,12,21,1,19,0,28,8,}, 550),
Path({0,39,4,35,15,24,32,12,21,19,1,0,8,28,}, 550),
Path({0,39,12,4,15,35,24,32,1,21,19,0,8,28,}, 550),
Path({0,39,12,4,15,35,24,32,1,21,19,0,28,8,}, 550),
Path({0,39,12,4,15,35,24,32,19,21,1,0,8,28,}, 550),
Path({0,39,12,4,15,35,24,32,21,1,19,0,8,28,}, 550),
Path({0,39,12,4,15,35,24,32,21,1,19,0,28,8,}, 550),
Path({0,39,12,4,15,35,24,32,21,19,1,0,8,28,}, 550),
Path({0,39,12,4,24,15,35,32,1,21,19,0,8,28,}, 550),
Path({0,39,12,4,24,15,35,32,21,1,19,0,8,28,}, 550),
Path({0,39,12,4,24,35,15,32,1,21,19,0,8,28,}, 550),
Path({0,39,12,4,24,35,15,32,21,1,19,0,8,28,}, 550),
Path({0,39,12,4,35,15,24,32,1,21,19,0,8,28,}, 550),
Path({0,39,12,4,35,15,24,32,19,21,1,0,8,28,}, 550),
Path({0,39,12,4,35,15,24,32,21,1,19,0,8,28,}, 550),
Path({0,39,12,15,35,24,4,32,1,21,19,0,8,28,}, 550),
Path({0,39,12,15,35,24,4,32,21,1,19,0,8,28,}, 550),
Path({0,39,12,24,15,35,4,32,1,21,19,0,8,28,}, 550),
Path({0,39,12,24,15,35,4,32,19,21,1,0,8,28,}, 550),
Path({0,39,12,24,15,35,4,32,21,1,19,0,8,28,}, 550),
Path({0,39,12,24,35,15,4,32,1,21,19,0,8,28,}, 550),
Path({0,39,12,24,35,15,4,32,1,21,19,0,28,8,}, 550),
Path({0,39,12,24,35,15,4,32,19,21,1,0,8,28,}, 550),
Path({0,39,12,24,35,15,4,32,21,1,19,0,8,28,}, 550),
Path({0,39,12,24,35,15,4,32,21,1,19,0,28,8,}, 550),
Path({0,39,12,24,35,15,4,32,21,19,1,0,8,28,}, 550),
Path({0,39,12,32,4,15,35,24,1,21,19,0,8,28,}, 550),
Path({0,39,12,32,4,15,35,24,1,21,19,0,28,8,}, 550),
Path({0,39,12,32,4,15,35,24,19,21,1,0,8,28,}, 550),
Path({0,39,12,32,4,15,35,24,21,1,19,0,8,28,}, 550),
Path({0,39,12,32,4,15,35,24,21,1,19,0,28,8,}, 550),
Path({0,39,12,32,4,15,35,24,21,19,1,0,8,28,}, 550),
Path({0,39,12,32,4,24,15,35,1,21,19,0,8,28,}, 550),
Path({0,39,12,32,4,24,15,35,21,1,19,0,8,28,}, 550),
Path({0,39,12,32,4,24,15,35,28,8,0,1,19,21,}, 550),
Path({0,39,12,32,4,24,15,35,28,8,0,1,21,19,}, 550),
Path({0,39,12,32,4,24,15,35,28,8,0,19,1,21,}, 550),
Path({0,39,12,32,4,24,15,35,28,8,0,19,21,1,}, 550),
Path({0,39,12,32,4,24,15,35,28,8,0,21,1,19,}, 550),
Path({0,39,12,32,4,24,15,35,28,8,0,21,19,1,}, 550),
Path({0,39,12,32,4,24,35,15,1,21,19,0,8,28,}, 550),
Path({0,39,12,32,4,24,35,15,21,1,19,0,8,28,}, 550),
Path({0,39,12,32,4,35,15,24,1,21,19,0,8,28,}, 550),
Path({0,39,12,32,4,35,15,24,19,21,1,0,8,28,}, 550),
Path({0,39,12,32,4,35,15,24,21,1,19,0,8,28,}, 550),
Path({0,39,12,32,15,35,24,4,1,21,19,0,8,28,}, 550),
Path({0,39,12,32,15,35,24,4,21,1,19,0,8,28,}, 550),
Path({0,39,12,32,24,15,35,4,1,21,19,0,8,28,}, 550),
Path({0,39,12,32,24,15,35,4,19,21,1,0,8,28,}, 550),
Path({0,39,12,32,24,15,35,4,21,1,19,0,8,28,}, 550),
Path({0,39,12,32,24,35,15,4,1,21,19,0,8,28,}, 550),
Path({0,39,12,32,24,35,15,4,1,21,19,0,28,8,}, 550),
Path({0,39,12,32,24,35,15,4,19,21,1,0,8,28,}, 550),
Path({0,39,12,32,24,35,15,4,21,1,19,0,8,28,}, 550),
Path({0,39,12,32,24,35,15,4,21,1,19,0,28,8,}, 550),
Path({0,39,12,32,24,35,15,4,21,19,1,0,8,28,}, 550),
Path({0,39,12,32,35,15,24,4,1,21,19,0,8,28,}, 550),
Path({0,39,12,32,35,15,24,4,21,1,19,0,8,28,}, 550),
Path({0,39,12,35,15,24,4,32,1,21,19,0,8,28,}, 550),
Path({0,39,12,35,15,24,4,32,21,1,19,0,8,28,}, 550),
Path({0,39,15,35,24,4,32,12,1,21,19,0,8,28,}, 550),
Path({0,39,15,35,24,4,32,12,1,21,19,0,28,8,}, 550),
Path({0,39,15,35,24,4,32,12,19,21,1,0,8,28,}, 550),
Path({0,39,15,35,24,4,32,12,21,1,19,0,8,28,}, 550),
Path({0,39,15,35,24,4,32,12,21,1,19,0,28,8,}, 550),
Path({0,39,15,35,24,4,32,12,21,19,1,0,8,28,}, 550),
Path({0,39,24,4,15,35,32,12,1,21,19,0,8,28,}, 550),
Path({0,39,24,4,15,35,32,12,21,1,19,0,8,28,}, 550),
Path({0,39,24,15,35,4,32,12,1,19,21,0,8,28,}, 550),
Path({0,39,24,15,35,4,32,12,1,21,19,0,8,28,}, 550),
Path({0,39,24,15,35,4,32,12,1,21,19,0,28,8,}, 550),
Path({0,39,24,15,35,4,32,12,19,1,21,0,8,28,}, 550),
Path({0,39,24,15,35,4,32,12,19,21,1,0,8,28,}, 550),
Path({0,39,24,15,35,4,32,12,19,21,1,0,28,8,}, 550),
Path({0,39,24,15,35,4,32,12,21,1,19,0,8,28,}, 550),
Path({0,39,24,15,35,4,32,12,21,1,19,0,28,8,}, 550),
Path({0,39,24,15,35,4,32,12,21,19,1,0,8,28,}, 550),
Path({0,39,24,35,15,4,32,12,1,19,21,0,8,28,}, 550),
Path({0,39,24,35,15,4,32,12,1,21,19,0,8,28,}, 550),
Path({0,39,24,35,15,4,32,12,1,21,19,0,28,8,}, 550),
Path({0,39,24,35,15,4,32,12,19,1,21,0,8,28,}, 550),
Path({0,39,24,35,15,4,32,12,19,21,1,0,8,28,}, 550),
Path({0,39,24,35,15,4,32,12,19,21,1,0,28,8,}, 550),
Path({0,39,24,35,15,4,32,12,21,1,19,0,8,28,}, 550),
Path({0,39,24,35,15,4,32,12,21,1,19,0,28,8,}, 550),
Path({0,39,24,35,15,4,32,12,21,19,1,0,8,28,}, 550),
Path({0,39,24,35,15,4,32,12,21,19,1,0,28,8,}, 550),
Path({0,39,32,4,15,35,24,12,1,19,21,0,8,28,}, 550),
Path({0,39,32,4,15,35,24,12,1,21,19,0,8,28,}, 550),
Path({0,39,32,4,15,35,24,12,1,21,19,0,28,8,}, 550),
Path({0,39,32,4,15,35,24,12,19,1,21,0,8,28,}, 550),
Path({0,39,32,4,15,35,24,12,19,21,1,0,8,28,}, 550),
Path({0,39,32,4,15,35,24,12,19,21,1,0,28,8,}, 550),
Path({0,39,32,4,15,35,24,12,21,1,19,0,8,28,}, 550),
Path({0,39,32,4,15,35,24,12,21,1,19,0,28,8,}, 550),
Path({0,39,32,4,15,35,24,12,21,19,1,0,8,28,}, 550),
Path({0,39,32,4,15,35,24,12,21,19,1,0,28,8,}, 550),
Path({0,39,32,4,24,15,35,12,1,21,19,0,8,28,}, 550),
Path({0,39,32,4,24,15,35,12,1,21,19,0,28,8,}, 550),
Path({0,39,32,4,24,15,35,12,19,21,1,0,8,28,}, 550),
Path({0,39,32,4,24,15,35,12,21,1,19,0,8,28,}, 550),
Path({0,39,32,4,24,15,35,12,21,1,19,0,28,8,}, 550),
Path({0,39,32,4,24,15,35,12,21,19,1,0,8,28,}, 550),
Path({0,39,32,4,24,35,15,12,1,21,19,0,8,28,}, 550),
Path({0,39,32,4,24,35,15,12,1,21,19,0,28,8,}, 550),
Path({0,39,32,4,24,35,15,12,19,21,1,0,8,28,}, 550),
Path({0,39,32,4,24,35,15,12,21,1,19,0,8,28,}, 550),
Path({0,39,32,4,24,35,15,12,21,1,19,0,28,8,}, 550),
Path({0,39,32,4,24,35,15,12,21,19,1,0,8,28,}, 550),
Path({0,39,32,4,35,15,24,12,1,19,21,0,8,28,}, 550),
Path({0,39,32,4,35,15,24,12,1,21,19,0,8,28,}, 550),
Path({0,39,32,4,35,15,24,12,1,21,19,0,28,8,}, 550),
Path({0,39,32,4,35,15,24,12,19,1,21,0,8,28,}, 550),
Path({0,39,32,4,35,15,24,12,19,21,1,0,8,28,}, 550),
Path({0,39,32,4,35,15,24,12,19,21,1,0,28,8,}, 550),
Path({0,39,32,4,35,15,24,12,21,1,19,0,8,28,}, 550),
Path({0,39,32,4,35,15,24,12,21,1,19,0,28,8,}, 550),
Path({0,39,32,4,35,15,24,12,21,19,1,0,8,28,}, 550),
Path({0,39,32,15,35,24,4,12,1,21,19,0,8,28,}, 550),
Path({0,39,32,15,35,24,4,12,1,21,19,0,28,8,}, 550),
Path({0,39,32,15,35,24,4,12,19,21,1,0,8,28,}, 550),
Path({0,39,32,15,35,24,4,12,21,1,19,0,8,28,}, 550),
Path({0,39,32,15,35,24,4,12,21,1,19,0,28,8,}, 550),
Path({0,39,32,15,35,24,4,12,21,19,1,0,8,28,}, 550),
Path({0,39,32,24,4,15,35,12,1,21,19,0,8,28,}, 550),
Path({0,39,32,24,4,15,35,12,21,1,19,0,8,28,}, 550),
Path({0,39,32,24,15,35,4,12,1,19,21,0,8,28,}, 550),
Path({0,39,32,24,15,35,4,12,1,21,19,0,8,28,}, 550),
Path({0,39,32,24,15,35,4,12,1,21,19,0,28,8,}, 550),
Path({0,39,32,24,15,35,4,12,19,1,21,0,8,28,}, 550),
Path({0,39,32,24,15,35,4,12,19,21,1,0,8,28,}, 550),
Path({0,39,32,24,15,35,4,12,19,21,1,0,28,8,}, 550),
Path({0,39,32,24,15,35,4,12,21,1,19,0,8,28,}, 550),
Path({0,39,32,24,15,35,4,12,21,1,19,0,28,8,}, 550),
Path({0,39,32,24,15,35,4,12,21,19,1,0,8,28,}, 550),
Path({0,39,32,24,35,15,4,12,1,19,21,0,8,28,}, 550),
Path({0,39,32,24,35,15,4,12,1,21,19,0,8,28,}, 550),
Path({0,39,32,24,35,15,4,12,1,21,19,0,28,8,}, 550),
Path({0,39,32,24,35,15,4,12,19,1,21,0,8,28,}, 550),
Path({0,39,32,24,35,15,4,12,19,21,1,0,8,28,}, 550),
Path({0,39,32,24,35,15,4,12,19,21,1,0,28,8,}, 550),
Path({0,39,32,24,35,15,4,12,21,1,19,0,8,28,}, 550),
Path({0,39,32,24,35,15,4,12,21,1,19,0,28,8,}, 550),
Path({0,39,32,24,35,15,4,12,21,19,1,0,8,28,}, 550),
Path({0,39,32,24,35,15,4,12,21,19,1,0,28,8,}, 550),
Path({0,39,32,35,15,4,24,12,1,21,19,0,8,28,}, 550),
Path({0,39,32,35,15,4,24,12,21,1,19,0,8,28,}, 550),
Path({0,39,32,35,15,24,4,12,1,21,19,0,8,28,}, 550),
Path({0,39,32,35,15,24,4,12,1,21,19,0,28,8,}, 550),
Path({0,39,32,35,15,24,4,12,19,21,1,0,8,28,}, 550),
Path({0,39,32,35,15,24,4,12,21,1,19,0,8,28,}, 550),
Path({0,39,32,35,15,24,4,12,21,1,19,0,28,8,}, 550),
Path({0,39,32,35,15,24,4,12,21,19,1,0,8,28,}, 550),
Path({0,39,35,15,4,24,32,12,1,21,19,0,8,28,}, 550),
Path({0,39,35,15,4,24,32,12,21,1,19,0,8,28,}, 550),
Path({0,39,35,15,24,4,32,12,1,21,19,0,8,28,}, 550),
Path({0,39,35,15,24,4,32,12,1,21,19,0,28,8,}, 550),
Path({0,39,35,15,24,4,32,12,19,21,1,0,8,28,}, 550),
Path({0,39,35,15,24,4,32,12,21,1,19,0,8,28,}, 550),
Path({0,39,35,15,24,4,32,12,21,1,19,0,28,8,}, 550),
Path({0,39,35,15,24,4,32,12,21,19,1,0,8,28,}, 550),
